#Data file for A1 problem form Alfaki
TABLE	CS(S,K)    
             K1          K2          K3          K4          K5          K6          K7          K8          K9         K10         K11         K12
S1        73.04       28.87       61.46       47.13       28.69       51.63       21.80       15.67       79.06       21.29       17.68       26.04
S2        63.05       16.50       10.64       78.75        3.16       30.03       58.63        8.66       62.92       51.17        1.04        0.28
S3        49.77       77.59       50.81       48.66       10.00       38.19       57.75       31.75       17.11       62.63       44.51       12.58
S4        61.62       53.63       55.56       40.49       75.28        5.53        0.78       33.95        4.96       36.69       44.75        5.47
S5        50.06        6.43       24.35       77.76       64.85       22.99       29.11       46.13       73.27       60.76       77.24       71.59
S6        35.36       49.83       55.81       32.59       22.66        4.65       25.42       69.47       44.18       20.13       60.91       16.84
S7        29.29       31.70       21.33       67.24       49.64       32.31       50.55       18.58       37.37       34.76       48.17       23.38
S8        13.76       66.62       47.31       55.35        1.46       40.85       26.81       36.62       30.84       64.17       32.73        5.75
S9        38.13       64.13       54.64       11.79       79.39       63.02       71.09       15.60       34.07       41.32       25.53       68.21
S10       26.51       46.48       66.24       21.00       49.62       16.20       33.27       49.59       47.09       31.99       62.53       48.27
S11       26.79       43.80       66.28       62.18       46.35       44.48       52.25       59.89       52.94       72.24       39.03       78.16
S12       72.77       16.57       16.33       46.62       25.91        9.47       56.15       13.48       79.30       58.49        1.81       60.00
S13       14.13       14.09       48.20        4.71       14.55       23.80       28.29       15.58       64.28       43.96       33.26       26.95
S14       21.41       22.91       37.79       56.31       42.14       13.22       46.50       34.96       49.20       24.17       76.03       46.59
S15       56.41       27.78        0.22       72.13       46.37       53.65       20.27       11.41       32.78       11.36       69.94       37.14
S16       14.47       37.10       47.62       41.39       35.46       78.53       47.10       65.70       49.92       24.24       69.51       33.35
S17       15.25       58.13       17.32       54.78       78.67       32.78       62.33       67.22       78.45       60.16       73.16        9.29
S18       20.01       51.02        0.45       34.09       37.78       70.77       33.41       26.48       79.14       40.71       27.48        6.53
S19        6.49       54.69       36.33       10.50        4.06       47.58       22.89       61.03       49.01       61.54       41.98       70.18
S20       11.22       75.25       35.42       63.76        6.36       51.47       79.50       34.97       44.92       48.93       41.37       74.82;

TABLE	CMIN(P,K)
             K1          K2          K3          K4          K5          K6          K7          K8          K9         K10         K11         K12
P1         2.88       14.48       16.91       17.48        2.30       17.11        6.21        8.06       15.06        2.41       15.67       14.31
P2        19.31       16.42        7.21       11.50        6.08        0.24       11.40       10.70        5.23        5.11        7.57       10.95
P3         2.50        7.21       12.55        4.56        8.90        2.07       12.04       15.85        2.64        1.80       19.60       16.01
P4         9.31        9.51       11.04        6.02        5.63       15.87       10.43       14.34       11.52        0.55        8.87        1.74
P5        16.80        9.79        9.70       16.95       19.69        7.79       13.76       14.09       10.75       19.00       14.14       16.67
P6         8.23       18.41        9.90        9.52        8.35       12.59       19.38        5.45       10.05       14.54       11.65        9.08
P7        10.57        6.15        4.98        8.80        2.88       11.70        7.84       15.02       13.42        2.30        3.86        8.35
P8        18.75        2.48        0.23       15.35        1.28       15.05       10.13        7.79        9.94        8.08        4.27        0.36
P9         3.20        7.02        4.68       11.23       15.27       15.75       12.66       14.11       16.47       12.12        2.08       12.52
P10        4.72       16.98        2.57       18.77       14.76       10.56        4.12       19.04       17.49       18.11       15.92        9.88
P11        4.59        8.03        5.43       14.01        8.91       12.74       18.84        6.56       12.94        6.05       14.95       17.91
P12        4.91        3.63       11.13       12.50        1.41       17.14       13.24        1.13        9.29        0.87        9.45        0.36
P13        7.72       14.63        0.21        7.76       18.63        2.28        9.16       15.49       14.41       14.63        0.28       13.60
P14       12.60        2.56       18.65        3.02       15.91        5.73        2.96       19.90        3.02       18.28       17.43       16.49
P15        0.50       10.17        5.38       19.21        4.29       17.35       14.76        6.20        1.57        0.13       10.60       19.33;

TABLE	CMAX(P,K)
             K1          K2          K3          K4          K5          K6          K7          K8          K9         K10         K11         K12
P1        59.29       34.11       95.41       61.20       35.15       27.78       20.92       88.92       37.04       57.21       54.16       31.88
P2        76.43       28.61       34.50       84.16       59.76       75.40       56.68       62.18       40.30       99.62       46.90       79.91
P3        88.93       45.80       68.37       54.06       53.13       69.55       34.03       79.29       32.89       22.32       33.81       21.31
P4        98.77       67.99       61.45       57.89       23.57       55.50       27.99       69.07       81.06       88.66       98.22       92.09
P5        27.29       80.20       51.61       91.24       41.13       69.01       26.96       64.64       98.01       41.15       80.32       58.33
P6        95.37       84.84       97.75       22.76       49.41       54.34       91.85       49.23       44.85       78.24       34.22       66.49
P7        83.88       33.30       61.36       44.76       83.78       78.96       72.74       30.43       49.28       82.32       54.94       66.59
P8        45.04       23.74       41.20       29.05       21.00       34.22       82.40       74.52       42.48       65.42       41.70       46.46
P9        24.84       68.92       54.87       45.94       44.72       92.47       71.84       83.53       87.75       69.25       29.37       95.48
P10       82.50       92.26       82.35       90.76       66.37       53.98       71.51       29.04       51.24       25.32       43.80       52.58
P11      100.00       73.76       89.19       85.15       22.85       74.95       63.61       29.05       22.62       83.49       84.44       38.13
P12       65.48       56.14       94.33       23.36       49.87       35.98       36.94       81.10       67.34       89.40       27.60       68.73
P13       90.27       94.24       72.12       53.50       90.29       89.96       53.22       75.72       76.18       36.06       78.18       26.39
P14       21.33       69.29       80.83       31.29       48.17       22.36       80.76       50.13       64.76       55.82       92.03       93.23
P15       37.92       81.65       60.32       83.09       45.16       93.23       33.65       98.96       77.93       46.06       26.74       36.15;

TABLE LINKSL(S,L)
            L1          L2          L3          L4          L5          L6          L7          L8          L9         L10
S1                                   1           1                                   1                       1
S2                                                           1                                   1                       1
S3                                               1                       1           1           1           1
S4                                   1                       1                                   1
S5           1                                   1           1                                               1
S6                       1                                   1           1                       1           1
S7                                   1           1           1                                               1
S8                                               1           1                                               1
S9                       1           1           1                       1                       1
S10                                  1                                   1
S11          1           1                                   1                                   1
S12                      1           1                                   1                       1           1
S13                                  1                       1                                   1           1           1
S14                      1           1                       1                                   1
S15          1                                                           1
S16                                                          1
S17                                                          1           1           1                       1           1
S18                                  1                       1           1                       1           1           1
S19                                  1                                                           1           1
S20                      1           1           1                                               1           1;

TABLE LINKSP(S,P)   
            P1          P2          P3          P4          P5          P6          P7          P8          P9         P10         P11         P12         P13         P14         P15
S1                                                                                               1           1           1
S2                                                                                                                                                                       1
S3           1                       1                                   1                                                           1           1
S4                                   1                                               1           1                                                                                   1
S5                                                                       1                                                                                   1
S6                                   1
S7                                                                                   1                                               1
S8                                                           1                                               1                                   1                                   1
S9                                                                                               1
S10                                                          1                                                                                   1
S11                                                                                                                      1                       1
S12                                              1                                   1                                   1                                   1
S13                                                                                  1
S14                                  1                                   1           1
S15                                                                                                                                  1
S16                                                          1                                                                       1           1
S17                      1                                                                                   1                       1
S18                      1                                   1                       1
S19                                                                                  1                                   1                                   1           1
S20                                  1           1                       1                                                                       1;

TABLE LINKLP(L,P) #Careful since no pool connects to P13
            P1          P2          P3          P4          P5          P6          P7          P8          P9         P10         P11         P12         P14         P15
L1                       1           1           1           1                                                                                               1
L2                                   1                                                                                                           1
L3                                                                                   1                                   1           1
L4                                               1           1                       1                                   1           1
L5                       1           1           1           1                       1                       1                       1
L6                       1                       1                                               1                       1           1                       1           1
L7           1           1                       1                                   1                       1                                                           1
L8                       1           1                       1                                                                                               1           1
L9                                               1                       1
L10                                                          1                       1                                   1           1           1           1;

PARAMETERS
SUPMAX(S)	/S1  255,S2 78,S3 188,S4 162,S5 83,S6 80,S7 88,S8 92,S9 161,S10 224,S11 133,S12 219,S13 245,S14 83,S15 39,S16 151,S17 39,S18 9,S19 297,S20 265/
CAPMAX(L)	/L1 125,L2 136,L3 122,L4  68,L5 184,L6 73,L7 57,L8 152,L9 131,L10 197/
DEMMIN(P)	/P1 0/
DEMMAX(P)	/P1 243,P2 29,P3 55,P4 91,P5 177,P6 277,P7 214,P8 47,P9 281,P10 183,P11 162,P12 80,P13 132,P14 10,P15 198/
PRICE(S)  /S1 11,S2 37,S3 13,S4 33,S5 10,S6 29,S7 24,S8 27,S9 47,S10 44,S11 12,S12 29,S13 27,S14 30,S15 49,S16 42,S17 18,S18 11,S19 36,S20 15/
VALUE(P)  /P1 42,P2 43,P3 40,P4 41,P5 49,P6 49,P7 47,P8 45,P9 46,P10 46,P11 40,P12 49,P13 47,P14 48,P15 42/;