#Data file for A4 problem form Alfaki
TABLE	CS(S,K)    
             K1          K2          K3          K4          K5          K6          K7          K8          K9         K10         K11         K12
S1        50.28       56.45       73.79       35.11       69.04       62.31        4.08       56.95       35.82        7.07       16.44       52.49
S2        36.78       56.89       69.33       35.89       45.75        4.08        0.39       39.59       15.11       48.67       45.60       35.95
S3        15.06       66.64       29.06       45.29       33.56       21.01       69.81       65.61        6.51       71.07       29.31        7.27
S4        58.59       14.15       14.18        3.73       34.68       66.75       21.72       10.32       73.99       12.93       52.60       18.06
S5        52.19       34.01       16.89       55.54       26.93       61.98        2.02       32.45       70.74       68.99       26.31       32.01
S6         9.89       76.51       37.79       53.64       62.99       21.79        0.96        1.41       49.11       58.63       63.36       78.80
S7        38.57       77.75       27.82       48.38       23.20       14.97       28.05       18.51       26.36       18.53        4.76       53.70
S8        20.74       78.31       32.44       25.47       26.80       47.96       75.99       14.26       23.73       46.48       19.91       57.33
S9        42.12       39.34       25.40        3.57       54.19        4.07       63.40       22.87       49.41       54.57       72.29       17.97
S10        3.87       47.75       40.17       64.00       49.79       41.69       53.54       28.74       42.70       33.41        3.60       11.46
S11       69.55       16.56        8.92       36.84        9.33       23.57       48.96       60.73        2.44       15.26       70.71        6.60
S12        7.51       16.06       51.90       45.00       29.40       68.27       16.15       76.79        5.03       59.89       51.15       15.50
S13       31.08       73.01       71.02       11.59       37.22       52.00       53.53       14.98       39.98       50.96       74.92       21.36
S14       15.09       38.56       57.54       28.53        3.46       66.32       13.61       52.20        8.27       77.19        2.98       36.57
S15       25.12       57.25       70.90       55.46       56.12       51.22       37.44       77.88       61.65       27.06       32.58        2.81
S16       15.67       25.20       26.68       56.52       53.52       61.43        6.85       69.17       42.71       70.40       24.25       54.53
S17       62.17       39.27       50.84       65.75       63.16       12.18       56.85       63.02       53.08       48.32       49.66       66.85
S18       24.36       15.51       75.46       37.35       22.97        3.40       44.55       38.90       61.59       13.30       68.11       58.22
S19       21.45       73.54       28.75       27.03       12.77       11.54       48.87       58.07       21.10       15.89       64.56        4.02
S20        4.92       38.27        8.58       13.42       26.95       28.06       22.31       78.14       38.65       18.40       56.32       66.77;

TABLE	CMIN(P,K)
             K1          K2          K3          K4          K5          K6          K7          K8          K9         K10         K11         K12
P1         1.34        6.70        5.41        7.84       13.14       18.46        4.18       11.83        8.47        4.93        2.01        8.91
P2        14.25        7.14       19.17        7.04        1.97        4.60       15.45        8.89        6.86       10.25        3.97       11.97
P3         1.58       16.14        3.69        1.44       15.03       12.69        7.41        4.68       14.61       11.92       14.62       14.62
P4         4.65        8.73        9.41       14.37       11.07       10.27       17.94        5.25       14.28       19.53        7.93       13.87
P5         1.60       18.78       12.00       18.50        9.37        3.78        1.49       10.68        1.72       19.86       18.04       13.28
P6        19.80        4.33        4.09       11.59        8.25        0.77        3.77        7.56       14.27       13.50       13.36        1.96
P7         3.89       14.91        1.74        2.12       17.49       14.57       19.81        8.08        4.90       11.61        3.66       16.08
P8         5.70        7.79       15.34       18.38       13.13        7.54        1.60       12.81        4.79       15.13       12.69        8.05
P9         8.64       14.45        9.15       11.38        1.07        0.46        3.71       19.99        1.92        5.21       11.26        4.96
P10       19.91       18.78        4.29        4.98       15.94       12.80        0.18        5.35        9.27        1.70       16.28       13.96
P11        7.14       15.65       16.84        0.49        6.59       14.94        2.86        6.16        2.10        6.44       11.72       10.67
P12        5.87        7.96        2.50        8.13        1.73       11.56        7.54       18.26       18.99       16.11       19.13       11.05
P13        8.55        3.32        7.18        5.53        0.30       11.05        1.13        6.02        4.18        8.52        4.63        6.06
P14       16.76        6.51        0.29       10.55        4.05        2.96        4.07       15.64       17.37       13.65        3.26       13.48
P15        4.15       14.15       12.96        1.15        4.81        2.31       12.78       19.71       10.73       12.13        8.57        7.42;

TABLE	CMAX(P,K)
             K1          K2          K3          K4          K5          K6          K7          K8          K9         K10         K11         K12
P1        21.12       31.86       34.47       67.59       51.90       66.73       36.46       83.07       90.59       91.77       56.33       25.87
P2        64.32       94.00       23.43       64.42       49.96       98.07       52.00       92.60       69.49       45.49       41.50       55.34
P3        72.22       91.98       96.26       36.34       87.39       71.94       89.95       90.92       22.53       32.66       59.47       85.27
P4        20.08       50.80       74.45       61.36       39.39       95.94       64.83       98.83       43.42       85.67       31.21       94.68
P5        43.21       32.53       75.13       65.21       81.61       42.86       93.05       58.28       57.96       62.65       76.21       86.96
P6        91.20       65.41       43.18       26.66       81.75       36.44       54.96       97.43       38.09       38.77       30.11       34.46
P7        45.29       64.60       73.45       34.38       39.90       38.46       36.57       28.56       32.38       41.34       96.89       82.59
P8        47.78       29.11       87.65       49.80       84.72       81.76       41.18       45.35       96.11       65.42       28.28       74.49
P9        53.39       78.40       47.49       35.72       74.86       49.46       37.19       67.62       52.62       26.71       64.16       51.52
P10       98.69       85.16       74.55       44.41       76.44       36.78       22.71       93.54       58.60       79.49       22.46       23.48
P11       57.15       38.84       33.09       25.04       85.76       71.30       52.46       44.66       34.51       22.58       94.19       70.89
P12       34.18       22.58       21.34       36.23       87.72       65.23       99.41       78.31       97.77       43.14       96.39       90.88
P13       57.61       41.23       52.85       86.47       79.05       38.73       23.44       46.66       94.20       86.24       40.44       60.79
P14       20.83       53.73       35.88       48.62       65.36       50.71       21.08       38.23       59.11       83.54       39.94       28.87
P15       55.09       43.52       36.63       43.09       54.14       57.98       41.59       26.97       45.38       93.70       65.36       48.75;

TABLE LINKSL(S,L)
            L1          L2          L3          L4          L5          L6          L7          L8          L9         L10
S1           1                       1                                               1           1
S2                                                           1           1                       1           1           1
S3                       1                       1           1           1                                   1
S4           1                       1                                               1                                   1
S5                       1           1           1           1           1                       1                       1
S6                                                                       1                                   1
S7           1           1           1           1           1           1           1
S8           1                       1           1           1                       1           1           1
S9                       1           1           1           1           1           1                       1           1
S10                      1                                               1                       1           1           1
S11                      1           1           1                       1           1                       1           1
S12                                  1                                   1           1           1           1           1
S13          1           1                       1           1                                   1
S14          1           1                       1           1           1           1                       1           1
S15                      1                       1                                   1                                   1
S16                                  1           1           1           1           1                       1
S17          1                                                                                   1           1
S18          1                                               1           1           1           1           1           1
S19                      1           1           1                       1                       1
S20                      1           1                       1                       1           1                       1;

TABLE LINKSP(S,P)   
            P1          P2          P3          P4          P5          P6          P7          P8          P9         P10         P11         P12         P13         P14         P15
S1                                                                                   1                                               1                       1           1
S2           1           1                                                                                   1
S3                                   1           1           1                       1
S4                                   1           1                                                                       1                                               1
S5                                                                       1                                               1           1                                   1           1
S6                                   1                                                                                               1           1
S7                       1                                                           1           1
S8                                   1                       1                                   1           1                                   1                                   1
S9                                                           1                       1                                                                                               1
S10                                  1                                                                                   1                                   1
S11                      1                                                                                               1           1                       1                       1
S12          1                                                                                                                       1
S13                      1           1                       1                       1                                               1                                   1
S14                                                          1                                                           1           1                                               1
S15                      1                       1
S16                                              1                       1
S17                                  1                                                                       1
S18                                                          1                                               1                                                                       1
S19                                  1                                   1           1
S20                                              1                                                           1                                               1                       1;

TABLE LINKLP(L,P)
            P1          P2          P3          P4          P5          P6          P7          P8          P9         P10         P11         P12         P13         P14         P15
L1           1                                   1                       1                       1                       1                                   1           1
L2           1           1                       1                                   1           1                                               1                       1
L3           1                       1                                                                                   1                                                           1
L4           1           1           1           1                                   1                       1                       1                       1           1
L5                       1           1           1           1                                   1                                               1           1
L6           1                                               1                                               1           1                                                           1
L7                                               1           1           1           1           1                       1           1                       1           1           1
L8                                   1           1                       1           1                       1                                               1
L9                                   1           1                       1           1                                                                       1           1
L10                                                          1           1           1                       1                                                                       1;

PARAMETERS
SUPMAX(S)	/S1 222,S2 32,S3 281,S4 205,S5 94,S6 150,S7 78,S8 234,S9 233,S10 280,S11 288,S12 93,S13 23,S14 49,S15 226,S16 12,S17 237,S18 34,S19 281,S20 199/
CAPMAX(L)	/L1 90,L2 59,L3 78,L4 123,L5 111,L6 103,L7 134,L8 53,L9 174,L10 133/
DEMMIN(P)	/P1 0/
DEMMAX(P)	/P1 128,P2 273,P3 203,P4 46,P5 40,P6 120,P7 211,P8 185,P9 65,P10 222,P11 278,P12 102,P13 157,P14 168,P15 275/
PRICE(S)  /S1 29,S2 12,S3 44,S4 16,S5 29,S6 27,S7 20,S8 25,S9 17,S10 30,S11 10,S12 41,S13 31,S14 48,S15 42,S16 36,S17 23,S18 26,S19 37,S20 42/
VALUE(P)  /P1 47,P2 41,P3 45,P4 43,P5 50,P6 40,P7 42,P8 44,P9 47,P10 42,P11 46,P12 47,P13 45,P14 48,P15 44/;