#Data file for A0 problem form Alfaki
TABLE	CS(S,K)    
             K1          K2          K3          K4          K5          K6          K7          K8          K9         K10         K11         K12
S1        31.81       20.24       46.07       51.68       67.54       42.38       13.12       47.28       46.15       68.95       10.02       72.96
S2        34.73       38.49       28.09       40.21       34.18        3.33       65.84       16.58       42.82       56.70       72.61       29.68
S3        28.82       50.27       33.39       65.67        7.49       55.40       69.83       27.06       29.77       25.10       73.33       77.38
S4        69.76       16.55        7.09       14.78       34.81       45.33       51.09       73.74       23.51       17.19       67.10       13.47
S5        39.28       13.01       37.76       65.85       75.68        4.01        8.22        7.76       10.63       22.84        9.97        7.12
S6        77.99       49.99       70.67       54.29        6.49       72.33       63.73        7.80       56.56       52.13       74.37        3.97
S7        79.04       11.51        1.32        3.04       66.51       71.80       14.54       21.04       74.75       53.37       28.01       48.15
S8        31.08       24.38       35.34       34.78       18.20       52.77       25.05       39.56       50.73       32.42        7.29       15.36
S9        59.74       70.27        7.55       46.74       45.11       66.78       13.17        3.60       11.55       28.67       50.79       69.88
S10       41.44       72.35       57.77       25.08       52.58       63.88       15.49       30.02       65.70       10.67       20.64       22.21
S11       12.66       28.06       62.79       32.81       68.22       28.73       66.77       23.53       27.29       41.82       61.47       64.09
S12       23.59       43.76       58.93       57.98       48.87       13.62       34.98       74.71       44.59       56.08       56.08       52.13
S13       26.81        8.25       53.11       54.35       43.33       27.44       16.07       42.06       48.08       52.67       42.80       58.14
S14       77.82       69.55       66.69        6.80       41.42       56.37       34.87       77.07       40.06       57.96       47.70        8.96
S15       32.47       74.54       18.37       12.67       52.48       58.57       57.54       68.32       73.86       76.42        1.17       28.15
S16       42.00        9.55       61.75       17.84       23.40       57.34       35.64        2.98       56.68       58.79       76.47       17.05
S17       25.02       71.90       60.13       34.48       57.76       57.08       68.52       25.76       61.49       46.92       31.93       69.74
S18       40.15       29.97       34.91       12.35       14.38       16.92       64.63       53.09        7.50       36.12       57.87       63.27
S19       45.93       70.78       52.53       38.45       73.26       67.69       37.83       76.91        9.23       47.49        7.06       63.55
S20       17.00       78.31        4.88       42.58       77.08       29.91       44.87       51.62       35.89       36.77        0.62       26.36;

TABLE	CMIN(P,K)
             K1          K2          K3          K4          K5          K6          K7          K8          K9         K10         K11         K12
P1        14.17        9.87        3.65        9.70        8.42        4.93       16.43       17.19        1.61       17.78        2.24       14.91
P2        16.36       13.52        6.08        1.13        8.17       11.54        0.32        4.95       15.92       15.04        1.30       16.00
P3         9.54       10.73       12.57       11.36       18.17       17.18       15.20       11.14        0.44       12.00        3.44       19.80
P4         7.28       12.74        9.42        3.93        1.46        4.42       15.61       14.68        3.77        1.77       14.94       14.03
P5        15.54       11.97        1.71       14.89        6.08        2.41        0.64        4.57        2.25       10.65       16.25        8.58
P6        19.00       12.77       12.10       14.89        2.44       10.96       11.49        7.81        2.62       19.59       14.10        4.73
P7        18.30        5.76        1.09        7.73       19.83       19.23        4.03        6.57       13.79       18.27        8.16        8.84
P8         1.89        1.23        0.76       19.60        9.48        5.00        0.82        6.17       12.10        5.58       13.82       16.71
P9         2.06       14.81       17.45        4.25        5.59        0.87        0.74       14.04        3.94       16.39       16.47        3.33
P10       19.58        2.59        7.47       11.55       10.89        4.08       10.82       18.56        3.10       18.26       15.96       12.72
P11        7.03       14.56        6.23        1.60        7.65        9.25       15.88       11.67        5.42       15.38       14.07       12.01
P12       10.94       17.87       13.50       16.56        0.01        0.48       14.43       14.08       14.88        2.79        9.54       19.88
P13        9.80        7.60        3.37       14.63        5.74       15.77       19.92        8.14        9.90       17.57        9.27        6.48
P14        9.73       18.48       18.91        6.02        5.72        6.73        7.64        3.23        0.27       19.22       12.07       13.62
P15       16.21        0.08        1.08        2.01       14.66        6.48       18.29       19.09       10.22       15.18        1.77       12.50;

TABLE	CMAX(P,K)
             K1          K2          K3          K4          K5          K6          K7          K8          K9         K10         K11         K12
P1        89.68       54.59       78.86       74.96       42.98       77.22       90.33       31.79       39.65       89.70       84.05       26.38
P2        85.69       85.39       97.76       87.50       27.58       84.67       21.70       26.11       65.66       93.72       91.80       51.56
P3        77.02       75.43       96.30       44.72       42.89       29.77       99.86       36.27       77.15       21.51       68.04       56.75
P4        84.49       66.67       68.76       53.45       39.62       57.70       39.28       98.95       39.34       95.30       52.75       47.93
P5        89.70       26.76       72.04       67.57       50.66       53.50       90.16       74.91       35.73       31.02       91.10       39.92
P6        45.33       32.41       66.21       40.31       58.62       51.06       86.25       23.72       82.99       91.64       54.14       92.58
P7        73.62       92.09       77.65       78.34       84.48       28.58       34.15       66.51       39.60       33.72       52.25       35.43
P8        48.30       83.46       29.36       53.85       46.11       56.44       35.14       91.93       85.62       80.93       50.29       52.76
P9        36.85       38.28       27.92       76.81       98.21       89.69       44.12       87.31       48.20       57.38       87.65       43.51
P10       90.56       86.18       22.29       70.36       54.44       21.81       93.09       93.28       26.44       54.10       89.68       47.52
P11       76.89       75.00       31.14       30.31       91.89       80.75       20.97       67.00       51.75       75.63       54.91       67.80
P12       50.68       82.27       84.51       49.28       22.10       43.15       75.65       24.74       74.95       83.86       41.21       82.91
P13       42.23       75.38       54.70       36.37       43.03       97.19       45.93       66.87       77.94       42.01       57.13       27.12
P14       57.79       56.35       30.91       76.98       34.38       98.13       77.69       62.91       93.21       34.57       95.63       53.44
P15       43.24       24.24       50.50       90.41       23.54       28.23       24.82       28.24       94.15       24.52       67.32       44.09;

TABLE LINKSL(S,L)
            L1          L2          L3          L4          L5          L6          L7          L8          L9         L10
S1           1                       1
S2                       1           1           1                       1
S3                                                                       1                                   1           1
S4                       1                       1                                                           1
S5                       1           1                                                                       1
S6           1                       1                                                           1                       1
S7                       1                       1           1                                   1
S8                                                                                   1           1
S9                                   1                                               1                       1
S10                                                                      1           1                       1
S11          1           1                                                                                   1
S12          1                                               1                                               1
S13                                                          1           1
S14          1           1           1           1                       1                       1           1
S15          1                                                           1                                               1
S16                                                                      1                                   1           1
S17                      1                       1
S18          1           1           1                                   1
S20                                              1           1           1                                               1
;

TABLE LINKSP(S,P)   
            P1          P2          P3          P4          P5          P6          P7          P8          P9         P10         P11         P12         P13         P14         P15
S1           1                                                                                                                                               1
S2                                               1                                                                       1                                               1
S3                                                                                               1           1                                                                       1
S4                                                           1
S5                       1                       1                       1                                                                                                           1
S6                                                                                   1                       1                                                           1           1
S7                                                                                   1                                   1                                                           1
S8                       1                       1           1                                   1                                                                                   1
S9                                                                                               1                                   1
S10                                                                                                                                  1                       1
S12                                  1                                   1                                                                       1
S13                                                                                  1                                               1
S14                      1
S15          1                                                                                   1                                   1                                               1
S16          1           1                                                                       1                                               1
S17                                  1                       1                                                                                   1                                   1
S18                                              1                                                                       1                       1                       1           1
S19                                                                                                                                                                      1
S20          1                                                                       1;

TABLE LINKLP(L,P)
            P1          P2          P3          P4          P5          P6          P7          P8          P9         P10         P11         P12         P13         P14         P15
L1                                               1                                               1           1           1           1
L2                                                                                   1                                                           1           1           1
L3           1           1           1                                               1                                                                       1
L4                                   1                       1           1                                               1                                   1
L5           1                                                                                   1           1                                   1           1                       1
L6           1                                                                                   1                                   1                       1                       1
L7                                               1           1           1                       1                                   1                                   1           1
L8           1                                                           1                                   1                       1           1                                   1
L9           1           1           1           1                                                           1           1                                   1
L10                                              1                                                                                   1                                   1           1;


PARAMETERS
SUPMAX(S)	/S1 166,S2 240,S3 217,S4 150,S5 161,S6 118,S7 59,S8 219,S9 169,S10 273,S11 66,S12 69,S13 177,S14 62,S15 178,S16 9,S17 302,S18 96,S19 175,S20 63/
CAPMAX(L)	/L1 97,L2 158,L3 91,L4 94,L5 147,L6 138,L7 177,L8 184,L9 113,L10 137/
DEMMIN(P)	/P1 0/
DEMMAX(P)	/P1 176,P2 265,P3 195,P4 107,P5 183,P6 254,P7 119,P8 231,P9 265,P10 250,P11 231,P12 247,P13 268,P14 215,P15 14/
PRICE(S)  /S1 21,S2 43,S3 28,S4 37,S5 50,S6 13,S7 14,S8 25,S9 31,S10 14,S11 36,S12 31,S13 37,S14 25,S15 50,S16 43,S17 26,S18 29,S19 34,S20 14/
VALUE(P)  /P1 48,P2 44,P3 50,P4 40,P5 50,P6 48,P7 50,P8 49,P9 41,P10 48,P11 41,P12 40,P13 42,P14 41,P15 40/;