#Data file for A6 problem form Alfaki
TABLE	CS(S,K)    
             K1          K2          K3          K4          K5          K6          K7          K8          K9         K10         K11         K12
S1        62.38       45.78       60.18       52.90       58.53       41.56       60.58       36.64       44.15       51.80       23.24       35.12
S2        45.55        2.67       12.69       28.86       32.82       30.24       43.54        7.54       13.42       40.11       79.22       24.72
S3        48.91       21.19        4.27       22.88       17.06       62.70       33.49       30.95       56.58       25.25       55.44       58.79
S4         9.88       49.94        9.00       16.71        3.38       51.04       39.55       55.37       64.01       21.96       78.91       67.37
S5        60.30       70.68       14.10       22.33       38.25       46.33       47.89       58.60        4.08        5.31       37.00       15.63
S6        61.83       32.50       66.41       60.89       64.50       45.41       41.92       34.61        9.12       68.21       54.63       46.37
S7        51.94       15.66       24.26       63.31       19.13       38.63       73.13       74.54       66.02        1.69        4.30       15.82
S8        25.67       77.93       59.58       60.42        4.17       26.26       12.63        3.40       47.84       74.03        5.56       37.73
S9        39.05       34.76       14.12        1.94        7.54       21.47       34.82        2.31       56.87       25.30        9.95       21.62
S10        9.38       53.30       44.09       74.79       24.04       75.82       13.43       66.08       60.41       42.00       19.83       58.93
S11       17.36        1.25       23.91       76.87       41.06       60.67       49.03       11.24       53.34       15.89        3.76        9.55
S12       45.23       19.45       39.47       19.60       45.42       41.42       77.40       60.92       66.77       78.71       54.64       12.99
S13        2.74       28.63       36.87       62.81       21.26       29.06       70.72       51.32       42.49       50.82       37.42       55.74
S14       15.85       39.87       77.81       13.97       38.01       19.66       57.24       16.77       56.96       51.61       14.91       37.49
S15        7.71       29.07       39.14       38.81       14.45       63.67       47.85        7.31       25.36       30.51       28.05       64.61
S16        2.75        8.27       51.73       45.45       20.13       23.16       66.63        6.60       73.30       42.27       44.01       15.50
S17       55.07        4.68       72.16       14.60       79.73       12.63       11.90       28.12       45.96       13.91       71.94       66.69
S18       15.85       77.37        7.30       14.85        7.17       63.86       59.56       34.01       38.47       33.10       24.80        4.99
S19       30.01       13.87       33.91       68.69       11.18       11.11       33.14       29.45       28.36       62.07       12.98       24.67
S20       21.81       18.12       77.71       67.98       30.33       34.60       18.47       44.41       15.34       73.93       51.39       70.08;

TABLE	CMIN(P,K)
             K1          K2          K3          K4          K5          K6          K7          K8          K9         K10         K11         K12
P1        12.29        1.36        0.80        7.57       11.47        9.31       15.84       14.30        3.80        0.24        0.44        6.87
P2        11.36       13.00       10.11        3.32        2.62       16.40       16.40        4.00       18.33        2.69       18.04       13.06
P3         0.33        7.62        9.49        0.69        7.62       19.34        5.42        4.02        2.09       13.56       12.33        5.06
P4         8.19       15.20       16.40       10.96        8.17       18.81        3.24        9.01        0.78        0.75       15.32        0.28
P5        16.59        1.77       12.79        4.89        9.63       14.16        1.95       12.96       19.66        6.14        1.49        3.44
P6        13.99        6.67       11.34       12.14       16.13        6.12        6.23       16.62       11.26       16.73        7.85       13.59
P7         7.67        6.46       14.97       11.03       16.79       11.23       13.92        7.24       13.36        4.27       14.68        0.17
P8         7.34        2.99       18.56       18.36       19.19        0.45        5.76        7.16        4.70       10.39        7.93        8.23
P9         0.92        5.98        7.75       13.49       14.11        7.14       10.98       15.66       18.08        0.33       15.68       13.85
P10       18.09       18.03       16.68       13.29       14.55        7.74        4.31        2.31        0.24       10.04       16.56       15.52
P11       16.74        0.68       18.21        0.97       16.34        7.04       15.69        8.41       14.50       19.43        9.76        8.46
P12       19.90        1.41       18.66       16.44        1.51       11.46       14.26       12.98        8.30        5.85       13.31       15.39
P13        2.37        5.06        1.61        1.90        2.11        4.75        4.09        6.71        1.50       18.09       17.21        8.70
P14        5.01        6.28        9.43        4.28       15.60        4.35        1.58        6.41       14.65        3.18       13.25       11.54
P15       15.64       17.69       17.54        6.77        5.80        3.33        9.13        4.29        7.08        7.33       16.68       14.16;

TABLE	CMAX(P,K)
             K1          K2          K3          K4          K5          K6          K7          K8          K9         K10         K11         K12
P1        45.26       58.46       91.04       29.15       91.19       44.60       30.38       77.26       74.98       70.30       71.80       66.70
P2        27.51       94.99       90.49       56.74       83.19       56.57       99.58       56.46       38.20       81.61       66.64       25.82
P3        25.63       83.97       60.84       95.09       54.27       77.28       48.23       39.12       23.36       48.55       71.35       33.94
P4        82.27       41.50       67.77       56.76       72.05       67.28       49.00       70.96       49.31       82.90       83.16       40.06
P5        44.65       24.33       43.89       26.81       24.99       20.18       42.87       32.95       76.00       56.69       48.37       92.02
P6        28.25       85.39       58.98       41.31       74.57       97.61       37.40       43.65       89.65       28.35       36.33       65.79
P7        35.83       72.63       28.80       24.61       55.45       78.72       82.42       69.41       33.09       82.03       85.70       35.47
P8        67.32       42.14       50.79       49.22       76.04       64.48       48.00       28.51       92.15       89.52       92.01       52.19
P9        93.82       60.87       56.98       75.04       69.30       63.76       99.63       48.70       78.45       83.27       27.08       22.24
P10       67.94       95.51       44.66       52.61       76.30       23.23       80.85       41.98       65.00       69.82       30.53       75.15
P11       39.24       44.49       38.24       64.20       44.80       58.18       71.60       60.54       63.78       99.36       98.25       78.79
P12       44.21       65.22       61.68       34.49       95.87       64.18       71.08       44.91       42.48       57.37       75.24       62.49
P13       40.27       68.10       30.86       63.15       23.04       80.41       32.19       22.76       67.91       50.90       24.17       65.76
P14       74.62       55.67       98.52       89.82       41.14       29.11       86.43       41.90       92.35       49.82       28.25       37.42
P15       55.83       56.43       48.36       99.48       84.37       40.34       98.33       45.66       91.19       72.78       96.73       71.89;

TABLE LINKSL(S,L)
            L1          L2          L3          L4          L5          L6          L7          L8          L9         L10
S1                                   1           1           1           1           1           1           1           1
S2                                   1                                                           1           1
S3           1           1           1           1           1
S4           1                       1           1                                               1           1           1
S5           1                       1                       1
S6           1                       1           1           1           1                       1                       1
S7           1                       1           1           1           1                                               1
S8                       1           1                       1           1                       1           1
S9           1                                   1                                   1           1           1           1
S10                      1           1                       1                                   1           1           1
S11                      1           1                       1                       1           1                       1
S12          1                       1           1                       1           1
S13                                              1           1           1                                   1           1
S14          1           1           1                       1                       1           1
S15          1           1                       1                       1           1                       1           1
S16          1           1           1           1                       1           1           1                       1
S17          1           1           1                                   1           1           1           1           1
S18                                  1                       1                       1                       1
S19          1           1           1                       1                                   1           1
S20          1           1           1           1           1                       1           1           1           1;

TABLE LINKSP(S,P)   
            P1          P2          P3          P4          P5          P6          P7          P8          P9         P10         P11         P12         P13         P14         P15
S1                                                                                                           1                                               1
S2                                                                                   1                                                           1                                   1
S3                                   1           1           1                       1
S4                       1                                   1                       1           1                                                                                   1
S5                       1                                   1                                   1                       1           1           1                       1
S6                       1                                   1                                   1                                                           1
S7           1                                                           1                       1                       1                                               1
S8                       1                                   1                                                                                                           1           1
S9           1
S10                                                                                              1           1                                   1
S11                                                                      1                                                           1                       1
S12                                                                                                                                  1           1
S13                                  1           1                       1                                               1                       1
S14          1                                   1                                                                                   1                                               1
S15                                                                                  1           1           1           1
S16                                                          1                       1           1           1                       1                                               1
S17                                                                                                          1
S18                      1                                   1           1           1                                                                                   1
S19          1
S20          1                                                                       1           1;

TABLE LINKLP(L,P)
            P1          P2          P3          P4          P5          P6          P7          P8          P9         P10         P11         P12         P13         P14         P15
L1           1                       1           1           1                       1           1           1           1                                   1           1
L2                       1           1           1           1           1           1           1                       1           1                                   1           1
L3           1                       1                       1                                   1           1           1           1           1           1           1           1
L4           1                       1                       1                       1           1           1           1           1                                               1
L5                                   1           1           1                       1                       1                       1                       1           1
L6                       1           1                       1                                                           1           1           1
L7                       1                       1                       1           1                       1                       1           1           1           1
L8           1                                   1           1                       1           1           1                       1           1                                   1
L9           1                                               1           1           1                       1                                                           1           1
L10          1           1           1                       1           1           1           1                       1                                                           1;

PARAMETERS
SUPMAX(S)	/S1 285,S2 255,S3 63,S4 140,S5 197,S6 121,S7 64,S8 219,S9 302,S10 215,S11 285,S12 242,S13 220,S14 33,S15 108,S16 234,S17 30,S18 62,S19 63,S20 233/
CAPMAX(L)	/L1 87,L2 98,L3 183,L4 88,L5 131,L6 184,L7 144,L8 75,L9 81,L10 152/
DEMMIN(P)	/P1 0/
DEMMAX(P)	/P1 21,P2 138,P3 25,P4 83,P5 251,P6 284,P7 73,P8 164,P9 145,P10 74,P11 224,P12 169,P13 9,P14 85,P15 262/
PRICE(S)  /S1 40,S2 44,S3 30,S4 20,S5 16,S6 35,S7 15,S8 37,S9 12,S10 21,S11 38,S12 44,S13 22,S14 45,S15 11,S16 49,S17 18,S18 11,S19 50,S20 50/
VALUE(P)  /P1 47,P2 49,P3 49,P4 49,P5 44,P6 49,P7 43,P8 43,P9 45,P10 48,P11 43,P12 40,P13 42,P14 50,P15 40/;