#Data file for A8 problem form Alfaki
TABLE	CS(S,K)    
             K1          K2          K3          K4          K5          K6          K7          K8          K9         K10         K11         K12
S1        59.56       63.51       68.40       75.33       23.54       49.17       77.20       70.49        0.68       50.63       37.12       79.16
S2        41.80       40.30       27.58       58.41       31.30       26.25       42.02       37.49       59.61       32.46       19.65       21.34
S3        70.04        9.05       14.72       73.55        0.76       20.26       40.49       27.95       38.80       53.35       13.53        4.18
S4        79.43       32.14       63.96        2.04       68.97       42.44        9.31       35.86       38.80       79.98       50.22       69.72
S5        53.31       13.73       46.56       23.99       63.31       78.31       41.82       71.21       33.72       50.98       26.75        4.79
S6        79.20       32.49       10.62       17.59       21.52        2.12       37.87       51.38       70.65       59.70        2.72       65.68
S7        26.33       47.97       44.20        9.70       24.03       14.82       35.06       20.16        1.05       15.86       12.57       57.35
S8        10.98       42.67       35.67       50.14       54.70       63.30       25.87       17.32       11.29       31.30       10.50       68.08
S9        41.31       30.92       62.19       71.10       79.34       15.69       43.51       22.22       22.68       20.16       17.50       29.65
S10       53.47       38.77       52.46       79.42        3.70       29.87       62.13       77.98       35.31       17.26       31.47        3.29
S11       33.99       27.60       26.03       28.32        6.73       21.57       12.53        3.55       15.32       34.80       45.17       39.04
S12        4.64       24.97       51.43       65.38       34.20       31.92       51.03       40.66       39.71        4.12       29.85       63.62
S13       30.17       57.84       47.55       77.53       62.46       43.52        3.59       24.42       34.68       29.59       14.55       62.94
S14       31.01       48.91       58.27       78.15       31.99       62.18       24.11       17.61       37.32       49.60       76.97       70.18
S15       22.79       64.53       75.78       75.86       24.44       67.66        0.64       21.95       32.68       46.39       49.21       40.58
S16       34.93       31.35       70.39       23.22       42.11       52.62       77.25        7.90       51.13       13.54       21.86        6.61
S17        0.49       64.76       79.83        4.03       40.85       60.23       15.46       49.14       67.06       56.24        9.03        1.54
S18       47.44        2.22       72.18       41.08       31.94       16.67       17.48       29.07       20.98       33.18       63.16        0.44
S19       35.68       51.50       37.55       77.91       57.90        9.49       72.44       32.47       61.61       17.58       25.58       21.15
S20       39.12       22.80       15.54       16.35       24.92       11.28       25.55       75.01       52.13       13.48       72.70       27.39;

TABLE	CMIN(P,K)
             K1          K2          K3          K4          K5          K6          K7          K8          K9         K10         K11         K12
P1         5.95        6.16        9.66       12.39        2.64        8.35        6.04       17.71        3.06        6.64        2.44        8.72
P2        16.20        7.25        8.94       18.58       10.06       12.39       15.00        2.79        2.67       15.17       19.18        4.81
P3        11.93       12.28        0.71        8.79        6.95       15.53        9.36       16.75       16.91       17.92       16.20       15.84
P4        19.47        3.26       18.42        8.45        0.22       14.54       16.56       20.00       10.85        8.10        3.68        7.41
P5        14.88       16.04        6.06       13.01       17.39        8.00       19.01       14.58       16.47        8.51        5.10       11.50
P6         7.04       12.79       13.45       10.90        9.01        1.39        7.06        4.84       17.62        2.47        1.57       13.04
P7         7.40        5.36        4.73        4.61       18.85        5.76       17.27       19.16        9.06        2.63        5.73       14.23
P8         8.15        0.57        5.91        3.63       11.58        6.28        8.30        3.20        6.70        9.73       16.34       18.56
P9         6.58        2.88       14.80        7.44       16.24       13.39        3.94       19.57        0.81       15.31       18.62        4.30
P10       10.25        2.00        8.52       13.47        4.59       11.23       12.36        9.02        3.38       13.12        6.90        6.16
P11        5.25       16.59        9.76        7.80       12.22        9.22       18.86       10.65        8.37       13.51       12.10        2.15
P12        7.26        4.13        7.44       17.10        3.25        6.93        1.01        8.88        1.06       10.87       19.59        9.38
P13       10.85       15.57        3.80        0.51        0.80        5.56        1.91       16.06        1.90       19.30       14.99        2.28
P14       14.88       18.30       17.28        7.62       11.15       17.13        8.25        3.27        2.63       14.93        3.20       16.14
P15       19.44       17.95       16.62       12.00       13.65        1.51       10.19       19.13        9.74       19.59       15.68        9.28;

TABLE	CMAX(P,K)
             K1          K2          K3          K4          K5          K6          K7          K8          K9         K10         K11         K12
P1        96.96       48.65       98.15       78.71       41.28       63.48       78.03       41.43       68.87       21.34       34.75       26.78
P2        55.12       83.50       27.27       67.77       32.49       54.13       98.85       44.50       96.72       61.32       66.18       80.97
P3        65.04       28.95       86.18       25.86       64.55       82.08       23.30       24.14       88.09       59.97       59.94       21.86
P4        78.21       88.51       84.75       97.43       53.51       74.07       84.42       34.48       86.34       33.21       96.63       31.39
P5        95.31       57.07       72.74       99.17       93.73       57.30       64.65       61.20       87.12       83.74       40.60       37.11
P6        94.96       78.00       98.11       79.64       48.01       84.99       41.31       62.52       30.71       24.52       24.87       81.19
P7        34.57       42.84       53.42       35.35       64.70       80.25       56.33       86.75       65.05       24.28       60.65       78.22
P8        53.10       30.54       46.17       57.71       42.13       87.28       65.11       47.19       85.32       99.41       63.92       30.18
P9        93.09       57.57       88.11       38.86       53.84       84.50       74.06       64.66       32.36       82.37       58.80       92.46
P10       82.52       48.78       33.87       53.28       48.56       77.09       69.72       23.25       27.03       58.60       97.63       76.26
P11       29.09       94.00       69.03       64.82       37.62       71.59       82.51       51.27       77.89       96.51       22.81       20.54
P12       63.58       74.26       70.77       73.63       77.61       60.60       37.00       50.60       20.36       67.94       75.61       22.37
P13       75.00       64.92       76.69       48.85       54.62       63.01       82.37       66.70       69.23       33.55       41.99       74.76
P14       88.85       25.32       94.33       89.16       95.11       60.69       92.73       58.66       86.62       84.82       22.06       66.46
P15       39.19       53.97       20.59       34.38       50.92       25.52       77.39       75.67       44.05       23.13       25.62       71.44;

TABLE LINKSL(S,L)
            L1          L2          L3          L4          L5          L6          L7          L8          L9         L10
S1           1           1                       1                       1           1           1           1           1
S2           1           1                       1           1           1           1           1           1
S3           1           1                       1                       1                       1                       1
S4           1                       1                       1           1           1           1           1           1
S5           1                       1           1                       1           1
S6           1           1           1           1           1           1           1           1           1           1
S7           1           1           1           1           1                       1           1           1           1
S8           1                       1           1                                                           1           1
S9           1           1           1           1           1                       1           1           1
S10                      1           1           1           1           1                       1           1           1
S11          1           1           1           1           1           1           1           1                       1
S12          1           1           1           1           1                       1           1           1           1
S13                      1           1           1           1                                   1           1           1
S14          1           1                                   1           1           1           1                       1
S15          1           1           1           1           1           1                       1                       1
S16          1           1           1                                   1                                   1           1
S17          1           1           1                       1           1
S18          1           1           1           1           1           1           1           1           1           1
S19          1                       1                                   1                       1           1
S20          1           1           1           1           1           1           1           1           1           1;

TABLE LINKSP(S,P)   
            P1          P2          P3          P4          P5          P6          P7          P8          P9         P10         P11         P12         P13         P14         P15
S1           1                                   1           1           1                                   1                                                           1
S2           1                                               1                                   1                                   1           1           1           1           1
S3           1                       1           1                                                                                   1                       1
S4                                                           1                                   1           1           1                       1                       1
S5           1                       1                                                                                               1                                   1
S6                       1                       1           1                                               1           1                       1           1
S7                                               1                       1                                                                                   1                       1
S8           1           1                                                           1                                               1                                               1
S9           1                                                           1                                   1
S10          1                       1                                               1           1           1                                               1
S11          1           1                       1                                   1                                                           1                                   1
S12          1           1                                                                       1                       1                                   1
S13                                  1                                   1           1           1                       1                                   1
S14                      1                                   1                                                           1                                   1
S15                                              1                                   1                                   1           1                                               1
S16                                                          1                                   1                       1           1           1                       1           1
S17          1                                                           1           1           1                                               1
S18                                                          1                                   1                       1           1
S19          1           1                       1           1           1           1           1                       1           1
S20          1           1                                               1                                   1           1           1                                   1           1;

TABLE LINKLP(L,P)
            P1          P2          P3          P4          P5          P6          P7          P8          P9         P10         P11         P12         P13         P14         P15
L1           1                       1           1           1                       1                       1           1                                   1           1
L2                       1                                               1           1           1           1           1           1           1                       1           1
L3                                   1           1           1           1                       1           1           1           1                       1           1           1
L4           1           1           1           1           1           1           1           1           1                       1           1           1           1           1
L5                                   1           1           1                                   1                       1                       1           1           1           1
L6                       1                                               1           1           1                       1           1                                   1           1
L7           1                       1           1                       1                                   1                       1           1                       1           1
L8           1           1                       1                       1           1                       1           1           1           1           1           1           1
L9           1           1           1                       1           1           1                       1           1                                   1
L10          1                       1                                               1           1           1           1                       1           1           1           1;

PARAMETERS
SUPMAX(S)	/S1 152,S2 30,S3 74,S4 165,S5 191,S6 12,S7 296,S8 207,S9 97,S10 121,S11 270,S12 162,S13 80,S14 162,S15 124,S16 144,S17 257,S18 41,S19 253,S20 236/
CAPMAX(L)	/L1 135,L2 75,L3 88,L4 150,L5 192,L6 181,L7 66,L8 66,L9 58,L10 119/
DEMMIN(P)	/P1 0/
DEMMAX(P)	/P1 52,P2 56,P3 228,P4 79,P5 254,P6 240,P7 20,P8 10,P9 17,P10 57,P11 250,P12 292,P13 70,P14 76,P15 265/
PRICE(S)  /S1 14,S2 19,S3 45,S4 31,S5 46,S6 11,S7 24,S8 49,S9 31,S10 25,S11 50,S12 31,S13 22,S14 21,S15 31,S16 32,S17 41,S18 25,S19 20,S20 28/
VALUE(P)  /P1 42,P2 46,P3 47,P4 49,P5 40,P6 49,P7 44,P8 43,P9 50,P10 46,P11 50,P12 48,P13 49,P14 47,P15 45/;