#Data file for A7 problem form Alfaki
TABLE	CS(S,K)    
             K1          K2          K3          K4          K5          K6          K7          K8          K9         K10         K11         K12
S1         3.72       42.09       60.38       75.07       66.81        6.06       31.34       15.46       23.92       55.61       62.36       30.94
S2        37.96        5.42       43.31       34.46       11.25        4.08       38.98       64.42       60.35       39.79       34.18       61.33
S3        37.43       59.86       23.22       64.58       74.36       77.67        7.07       78.55       50.06       17.18       15.81       49.05
S4        53.56       28.06       72.30        9.31        6.95       44.92       11.97       46.75       14.49       68.14       41.09       53.31
S5        42.65       66.18        1.69       64.35       52.09       27.13       74.18       11.77       36.64       19.40       72.75       29.37
S6        29.32       46.02       43.94        3.70        3.70       56.53       62.30       36.55       36.67        4.97       31.25       10.19
S7        70.55       56.73       32.10        0.32       36.90       44.44       13.89       61.51       78.71        0.06       63.92       55.35
S8        63.07       23.26       31.19       41.42       62.31       33.71        5.97       28.10       61.95       36.27       49.85       26.15
S9        70.18       33.93       47.70       26.42       13.02       35.89       48.87        0.07       75.62        0.16       79.67       20.37
S10       62.24        6.77       47.01       18.13       42.73       73.50       26.40       56.51       52.66       69.45       33.84       14.93
S11       37.04       29.89        4.95       58.88        8.31       18.23       76.09       12.88       19.00       39.04       17.76       64.11
S12       75.19       50.92       53.68       57.20        2.68       23.36       18.20       54.01       63.11       21.97       55.43        2.78
S13       77.55       16.92       28.47        8.35       24.09        7.90       32.06       58.29       60.36       32.42       63.71       41.26
S14        8.08       73.19       64.83       75.24       24.59       55.38       42.93       68.99       53.76       26.74        0.66       75.07
S15       48.78       17.21        6.38       62.92       42.30       23.66       30.33       34.57       71.00       35.30       10.72       50.37
S16       63.79       13.74       44.02       60.38       15.21       45.83       77.49       37.51       61.21       27.84        8.90       55.57
S17       46.20       76.21        6.88       22.01        3.77       44.97       16.40       16.59       33.47       46.84       18.09       39.79
S18       61.48       17.62        2.17       36.46       60.41       37.93       39.22       68.82       44.88       29.73        9.59       49.94
S19       23.42        5.07       43.61       74.31       18.63        0.97        8.17       59.23       26.98       58.10       36.42        3.61
S20       55.15       73.30       10.91       23.71       73.90       70.97       54.09       45.12        3.92       19.91        0.31       64.90;

TABLE	CMIN(P,K)
             K1          K2          K3          K4          K5          K6          K7          K8          K9         K10         K11         K12
P1         9.04        1.48        2.82       18.70       18.66       15.97        2.59       11.93        7.58       18.45        3.47        1.16
P2        11.76       15.75        5.61       17.96       18.03       18.11        3.27       10.50       16.83       17.38       18.97        5.56
P3         2.22        7.26       11.28       16.07       17.83        1.95       12.31       11.18       16.09        4.40       15.71        3.16
P4        11.53        7.46        4.05       18.49       19.60       12.60       19.66        2.50        1.93        2.09        0.24       15.49
P5         1.47       13.65       11.56       12.95        1.94       12.08        7.41       15.50        3.02        4.07       11.70       11.25
P6        13.66        0.87        0.34        2.37       12.12       12.90        9.32       19.70        3.45       12.53       19.64        7.85
P7         7.50        0.48        5.54        5.77        7.37        0.15        7.10       12.21        6.99       17.79        6.94       15.71
P8        13.68       17.73       17.11       18.11        8.58        6.59       11.45       18.73       14.78        2.69       11.56        1.74
P9        12.52        1.99       13.97       17.67       18.31       15.51       12.50       15.80       14.75        1.41       12.46        7.62
P10       18.88       12.59       11.91        3.97        7.19        6.17       17.08       14.84       15.96        9.33        1.15        8.32
P11        8.69        5.48       14.45        4.96        0.80        1.07        4.14        7.51        2.19       16.70       17.49       11.54
P12        6.19       11.66       17.65       16.64        7.96       19.69       16.74        4.01       16.17       11.57       19.69        7.24
P13        0.90        9.08        3.78        7.40        9.77       10.47        2.76       10.18        0.34       13.32       19.25        5.46
P14        2.89        2.95        2.66        3.24        5.22       16.24        8.60        3.29       15.38       10.08        5.19        0.35
P15       14.31        3.85        7.17       16.05        6.57       14.60        3.69       10.08        1.56        6.66        2.83        6.40;

TABLE	CMAX(P,K)
             K1          K2          K3          K4          K5          K6          K7          K8          K9         K10         K11         K12
P1        67.56       71.04       52.40       88.86       60.22       84.24       96.94       78.17       82.42       29.17       71.26       32.77
P2        37.64       30.44       42.72       69.72       61.19       69.24       80.56       94.59       25.24       72.09       62.04       44.04
P3        29.40       94.66       94.07       77.92       21.43       73.54       76.94       53.29       38.33       84.33       82.62       46.43
P4        34.19       86.47       43.30       59.97       68.42       88.17       41.43       76.14       21.99       34.68       23.92       34.18
P5        41.90       86.59       75.84       59.12       55.20       20.38       39.18       73.07       46.06       30.20       49.19       99.63
P6        76.23       28.75       71.34       33.01       45.55       98.05       69.39       88.83       70.31       21.09       37.85       31.71
P7        72.15       97.11       96.43       31.57       24.71       22.46       60.65       25.90       42.39       92.74       30.66       68.99
P8        32.89       27.80       62.34       21.95       88.55       49.28       72.21       93.22       50.80       91.54       57.30       90.23
P9        75.40       71.72       44.79       25.52       56.48       68.48       74.26       30.77       95.29       54.28       72.55       26.73
P10       59.59       59.85       89.08       36.12       25.97       78.09       46.40       89.16       36.62       46.29       60.28       99.11
P11       20.70       40.15       36.80       61.38       27.97       60.56       66.64       96.62       37.23       97.39       42.77       22.68
P12       87.11       85.66       85.28       47.28       82.06       94.21       92.33       91.29       37.57       59.88       40.33       29.20
P13       68.70       48.74       87.41       60.90       72.47       48.64       36.35       55.83       23.34       42.74       36.73       72.14
P14       81.99       83.45       87.37       81.50       58.74       91.77       83.04       81.20       57.89       51.59       81.62       44.41
P15       36.63       46.73       86.42       24.96       80.02       25.98       23.40       94.16       31.58       55.07       73.25       62.44;

TABLE LINKSL(S,L)
            L1          L2          L3          L4          L5          L6          L7          L8          L9         L10
S1                       1                       1           1           1                       1           1           1
S2           1           1           1                       1                       1           1           1
S3           1                       1                       1           1           1           1           1           1
S4                       1                       1                       1           1                       1           1
S5           1           1           1           1           1           1           1                       1
S6                                               1           1                                   1           1           1
S7                       1                                   1           1                       1           1           1
S8                                   1           1           1           1           1           1           1           1
S9           1           1                       1           1           1           1
S10          1           1           1           1           1                       1           1           1
S11          1           1                                   1           1                       1           1           1
S12          1                       1           1                       1           1                       1
S13          1           1                                   1           1                       1           1           1
S14          1           1                       1           1           1           1           1           1           1
S15          1           1                                                           1                       1           1
S16          1           1           1           1           1                                   1           1
S17          1           1           1           1           1                                   1           1           1
S18          1           1           1           1           1           1                       1                       1
S19                                                          1           1           1
S20          1                                               1           1           1           1                       1;

TABLE LINKSP(S,P)   
            P1          P2          P3          P4          P5          P6          P7          P8          P9         P10         P11         P12         P13         P14         P15
S1                                                                                                                                                           1           1
S2                       1                                                                       1                                               1                       1
S3                                                           1                       1                                   1           1                       1
S4                       1                       1                                   1           1           1                       1           1                       1           1
S6                                   1           1                                               1           1                                   1
S7           1           1                                                           1                       1                                               1
S8                                                                                                           1                                                           1
S9                                   1
S10          1                                   1                                   1           1                                   1           1
S11                      1                       1                                                                                                           1           1
S12          1           1                                               1                       1           1                       1                       1                       1
S13                                  1           1           1                       1                                                           1                                   1
S14                                              1
S15                                  1           1                                   1           1
S16                                              1                       1                                               1
S17                      1                                   1                                                           1                       1
S18                                                          1           1                       1                                                                       1
S19          1           1                                                                                               1
S20                                              1                                                           1           1;

TABLE LINKLP(L,P)
            P1          P2          P3          P4          P5          P6          P7          P8          P9         P10         P11         P12         P13         P14         P15
L1           1           1           1                                   1           1           1           1           1           1           1           1           1           1
L2                       1           1                                   1                       1           1                       1           1
L3           1           1                       1           1           1                       1           1           1           1           1           1           1
L4           1           1           1           1           1                       1                                               1           1           1                       1
L5           1           1                       1                       1           1           1                                   1           1           1           1           1
L6                       1           1           1                                   1           1           1           1           1           1           1           1           1
L7                                               1           1           1           1           1                       1                       1           1                       1
L8           1           1           1           1           1                       1           1           1           1                       1           1                       1
L9           1           1           1           1           1           1           1           1           1                                               1           1           1
L10          1           1           1                       1           1           1           1           1           1           1                       1           1           1;

PARAMETERS
SUPMAX(S)	/S1 182,S2 91,S3 299,S4 230,S5 222,S6 72,S7 165,S8 268,S9 79,S10 303,S11 186,S12 165,S13 27,S14 298,S15 64,S16 83,S17 48,S18 61,S19 34,S20 275/
CAPMAX(L)	/L1 163,L2 68,L3 105,L4 87,L5 165,L6 83,L7 103,L8 109,L9 143,L10 185/
DEMMIN(P)	/P1 0/
DEMMAX(P)	/P1 255,P2 119,P3 58,P4 89,P5 0,P6 110,P7 138,P8 296,P9 294,P10 176,P11 127,P12 105,P13 207,P14 294,P15 193/
PRICE(S)  /S1 11,S2 13,S3 17,S4 34,S5 49,S6 23,S7 12,S8 42,S9 22,S10 12,S11 29,S12 39,S13 18,S14 18,S15 24,S16 42,S17 31,S18 12,S19 31,S20 49/
VALUE(P)  /P1 43,P2 50,P3 49,P4 40,P5 50,P6 47,P7 48,P8 41,P9 45,P10 46,P11 44,P12 49,P13 42,P14 45,P15 40/;