#Data file for A9 problem form Alfaki
TABLE	CS(S,K)    
             K1          K2          K3          K4          K5          K6          K7          K8          K9         K10         K11         K12
S1        44.13       79.97       18.18       16.04       58.84       58.00       12.71       35.87       73.12       15.37       69.65       74.97
S2        47.71       60.74       36.67       44.42       49.87        2.29       47.47       52.64       45.00       73.18       72.81        4.89
S3        36.59       63.46       64.04       39.90        2.67       39.20       22.10       53.76       26.57       24.54       24.15       69.84
S4        32.87       65.41       75.96       73.45       27.01       47.89       14.41       69.64        4.27       65.73       14.06       10.45
S5        42.84        7.87       11.64       63.76        6.47       45.27       77.20       31.79       66.99       66.89        0.50       64.98
S6         9.69       48.21        3.19       31.10       49.66       63.28       13.70       24.34       50.84       57.58       62.31       31.37
S7        58.90       56.50       23.22        9.22       12.72       40.93       11.17       50.67       17.13       32.27       19.34       78.28
S8        51.96        3.43       77.39       78.41       23.13       69.47       54.09       45.10       11.98       61.43       74.43       33.17
S9        25.88       12.85       19.13       26.93       11.16       61.94       45.17       20.07       66.92       39.75       33.13        3.07
S10       21.96       29.81       44.03       73.86        9.82       56.28       51.82       76.88       55.69        2.18       32.12       25.79
S11       70.16       47.71        4.09       28.68       58.39       50.78       16.02        5.61       66.81       59.70       40.55       21.13
S12       46.80       15.51       70.42       66.90       54.97       41.62       36.30       56.99       49.57       78.89       66.06       62.33
S13       33.70       20.12       77.54       68.62       67.18       38.69       18.87       37.09       65.44       70.43        2.02       61.64
S14       45.21       27.11       62.63       12.26        2.40       35.01       76.37       59.89       49.05       78.00       46.80       16.65
S15        4.17       23.46       18.44       66.62       74.19       39.08       32.65       33.86       33.55       14.75       50.99       66.85
S16       24.61       64.79       25.01       43.31       52.12       52.02       63.36       48.39       63.09       25.51       53.74       67.23
S17       64.24       52.41       60.38       34.19       20.42       32.69       47.85       52.39       78.42       68.60       13.69       36.14
S18        6.81       64.75       27.18       73.81       66.49       15.99       78.03       60.54       77.17       66.80       10.49       29.26
S19       66.64       18.54       15.71       18.21       42.91        8.24       25.47       57.15       52.92       68.55       65.33       56.99
S20       16.54       55.20       25.39       36.64        4.03       79.92       76.21        2.23       21.31       10.66        8.74       77.64;

TABLE	CMIN(P,K)
             K1          K2          K3          K4          K5          K6          K7          K8          K9         K10         K11         K12
P1         6.57        0.38       16.94        5.21        9.14        3.28       10.54        9.97        5.12       11.66        5.91        9.23
P2         5.19       11.40       11.00        8.47       17.35        1.62        3.29        5.61        9.30        2.48        3.66        8.20
P3        15.85       12.54       12.05        5.86        0.97        1.67        5.32       10.92       17.98        2.66        7.76       15.74
P4        19.38        7.40       14.91        6.72        3.94       18.81       12.51       10.97        5.50        3.64       10.17        9.34
P5        12.66        0.43       12.95       15.13       16.57        8.62       17.71       11.74       15.70       16.24       11.14        8.71
P6         0.41        2.58        6.12       19.07        9.99        6.70        6.37        0.84        1.82       10.75        8.17       13.92
P7         3.80        7.53       13.51       13.53        1.06       13.79        2.10       12.26       17.23        2.84        9.58        1.69
P8        15.26       12.94       14.35       17.50       18.53       19.73        3.54        1.96        7.57       14.28        6.47       14.78
P9        10.33       10.76        6.75        8.10        6.12       12.94       17.54        8.13        6.43       15.32        1.36       11.55
P10       14.94       16.21        9.95        8.83       18.92        6.47        2.24        1.89        2.54        2.48       11.42       15.00
P11        7.69       16.07        4.37       13.90        0.17       12.20       18.77       19.79       10.40        7.56        2.05       15.50
P12       11.64        6.28       10.17        8.09        9.14       13.25       18.98       13.73        9.11        7.62        1.76       10.35
P13        2.23       10.91       18.89       15.13        5.25        2.55        1.60       16.22       14.40        3.14       15.25       10.88
P14       11.18       19.82       19.72       10.11       16.55        2.01        5.68        7.21       11.69        7.38        6.16       16.57
P15       17.78       11.72        1.61        7.39       14.56        9.57       10.72       13.92       16.33        2.10        7.11       12.63;

TABLE	CMAX(P,K)
             K1          K2          K3          K4          K5          K6          K7          K8          K9         K10         K11         K12
P1        95.97       62.50       52.36       65.51       74.93       88.78       28.15       45.16       20.08       78.33       58.63       48.56
P2        48.68       38.67       36.84       92.99       99.84       83.51       57.80       70.12       93.04       37.60       31.55       77.59
P3        84.39       21.45       43.57       24.05       75.54       89.48       66.10       20.48       77.80       28.72       33.04       99.07
P4        36.63       58.81       26.67       43.33       34.18       53.34       48.50       45.38       43.84       63.73       67.17       91.37
P5        57.03       59.61       46.64       32.69       86.24       21.60       80.07       53.28       28.03       45.75       33.24       94.90
P6        64.52       24.89       91.23       38.06       24.06       94.03       20.51       42.63       22.12       89.33       52.66       96.74
P7        87.02       68.65       55.85       73.92       24.52       83.50       85.08       27.10       69.94       54.73       35.11       44.68
P8        89.12       78.37       72.42       32.05       53.47       32.79       49.78       74.14       95.15       27.16       73.50       77.30
P9        90.55       45.91       47.03       57.15       62.71       80.58       51.19       51.73       73.22       82.80       42.86       93.73
P10       22.53       79.28       47.69       33.78       83.62       67.99       62.96       67.78       62.78       44.72       74.47       29.83
P11       52.79       81.18       72.34       50.69       76.32       91.99       78.75       35.65       23.95       20.93       74.19       31.78
P12       41.72       32.08       73.40       99.43       83.14       63.57       29.81       86.43       73.71       98.43       75.39       75.21
P13       78.61       46.46       35.67       84.10       93.26       81.82       87.93       27.93       81.49       45.46       90.40       52.25
P14       34.94       49.78       64.81       66.40       23.36       79.45       33.61       28.42       68.86       81.01       50.23       98.19
P15       42.93       60.83       79.92       51.69       46.99       22.32       55.93       20.43       22.13       58.77       85.91       65.95;

TABLE LINKSL(S,L)
            L1          L2          L3          L4          L5          L6          L7          L8          L9         L10
S1           1           1           1           1           1           1           1                       1           1
S2           1           1           1           1           1           1           1           1           1           1
S3           1           1           1           1           1           1                       1           1
S4           1           1           1           1                       1                                   1           1
S5           1           1           1                                               1           1           1           1
S6           1           1           1           1           1           1           1                                   1
S7                       1           1           1           1           1                       1           1           1
S8           1           1           1                       1           1           1           1           1           1
S9           1           1           1           1           1           1                                   1           1
S10                      1           1           1           1           1           1           1           1           1
S11          1                       1           1           1           1           1           1           1           1
S12          1           1           1           1           1           1                       1           1           1
S13          1           1           1           1           1           1           1           1                       1
S14          1           1                       1                       1           1           1           1           1
S15          1           1           1                                   1           1                       1           1
S16          1                       1           1           1           1           1           1           1           1
S17          1           1           1           1           1           1           1           1           1           1
S18          1           1           1           1           1                                               1           1
S19                      1           1                       1           1           1                       1           1
S20          1                                   1                       1                       1           1           1;

TABLE LINKSP(S,P)   
            P1          P2          P3          P4          P5          P6          P7          P8          P9         P10         P11         P12         P13         P14         P15
S1           1                       1           1                                                                                                                                   1
S2                       1                       1           1                                   1           1                       1                       1           1           1
S3                                               1           1           1           1           1           1           1                       1                       1
S4           1                                                                                                           1                                               1
S5           1           1           1                       1                                                                                   1                                   1
S6                                                                                   1                                                                                   1
S7                       1                       1           1           1           1           1           1                                   1           1                       1
S8                       1                                                                       1                       1           1           1                       1           1
S9                                   1                       1                                                                                   1                                   1
S10          1                                                           1                                   1                                   1           1                       1
S11          1                                                           1           1                                               1           1                                   1
S12          1           1                       1           1                                   1                       1                                               1           1
S13          1           1                                                           1                       1           1           1                                               1
S14          1                                                                                   1                                   1
S15          1                       1           1                                                                                   1                       1           1           1
S16                      1                                   1                       1                                   1           1                                   1           1
S17                                                                      1                                                                       1           1
S18          1                       1                       1           1           1           1                       1                                                           1
S19                                              1                       1                                   1                                               1                       1
S20          1                                   1           1           1           1                       1           1;

TABLE LINKLP(L,P)
            P1          P2          P3          P4          P5          P6          P7          P8          P9         P10         P11         P12         P13         P14         P15
L1           1           1                                   1           1                       1           1           1                                   1           1
L2           1           1           1           1           1           1                       1                       1           1                       1           1           1
L3           1           1           1           1           1           1           1                       1           1           1           1           1
L4           1           1           1           1           1           1           1           1                       1           1                       1           1           1
L5           1           1           1           1                       1           1           1                       1           1           1           1           1           1
L6           1           1                       1           1                       1           1           1           1           1           1           1           1           1
L7                       1           1           1           1           1           1           1           1           1           1           1           1           1
L8           1           1           1           1           1           1           1           1           1           1           1                                   1           1
L9           1           1                       1           1           1           1                                   1           1           1           1           1           1
L10                      1           1                       1           1           1           1           1           1           1           1           1           1;

PARAMETERS
SUPMAX(S)	/S1 80,S2 130,S3 36,S4 72,S5 247,S6 117,S7 224,S8 236,S9 298,S10 297,S11 7,S12 273,S13 185,S14 283,S15 162,S16 282,S17 70,S18 172,S19 264,S20 16/
CAPMAX(L)	/L1 66,L2 150,L3 80,L4 86,L5 145,L6 173,L7 195,L8 55,L9 65,L10 105/
DEMMIN(P)	/P1 0/
DEMMAX(P)	/P1 155,P2 0,P3 25,P4 17,P5 189,P6 51,P7 158,P8 20,P9 264,P10 13,P11 285,P12 255,P13 157,P14 149,P15 120/
PRICE(S)  /S1 31,S2 38,S3 28,S4 48,S5 22,S6 12,S7 28,S8 28,S9 47,S10 26,S11 15,S12 26,S13 46,S14 37,S15 45,S16 44,S17 50,S18 31,S19 29,S20 29/
VALUE(P)  /P1 50,P2 48,P3 50,P4 50,P5 41,P6 45,P7 48,P8 46,P9 47,P10 49,P11 47,P12 42,P13 48,P14 41,P15 48/;