#Data file for A2 problem form Alfaki
TABLE	CS(S,K)    
             K1          K2          K3          K4          K5          K6          K7          K8          K9         K10         K11         K12
S1        18.86       22.83        1.84       22.30       61.77       11.66       12.52       67.07       43.49       59.10       67.17       33.35
S2        77.82       77.89       13.26       37.68       22.34        6.71       49.99        2.99       60.95       23.38       46.03       71.49
S3        57.06       62.48       76.92       44.10       35.83       17.35       27.55       68.13       72.19       53.61        3.49       66.07
S4        48.33       57.07       51.62       21.22       30.17       15.31       17.98       29.37       53.69       23.67       15.42        3.25
S5        51.92       27.45       59.29       20.11       20.94       79.50       76.06       68.00       13.44       43.61       72.90       77.59
S6         3.93       47.48       68.76       42.30       16.83       45.83       57.07       76.21       23.40       74.19       22.94       58.55
S7        74.51       40.98       32.59       13.72       51.42        2.69       49.72        1.19       38.40       19.97       63.07       70.98
S8        68.34       26.68       64.22       44.93       50.92       28.19       58.49       24.16       34.30       47.23       48.06       29.43
S9        72.98       26.06       73.53       48.44        1.37       23.94       12.55       64.47       34.21       10.80        2.89       53.15
S10       49.00       26.74       50.08       11.88       13.60       45.93       19.70       31.11       14.71       10.57       61.01       64.60
S11       34.31       42.32       38.86       51.14       33.46       34.07       75.83       60.51       24.08       34.82       75.70       30.54
S12       53.43       44.81       36.83       67.89       13.17       21.06       11.51       55.14        2.47       57.38       61.01       41.50
S13       74.58       14.12       10.91        7.77       58.52       76.92       15.64       52.56       56.86       48.22       61.94       61.69
S14       49.38       69.64       60.17       23.03       17.44       66.83       28.50       73.73       50.66       52.99       42.83        3.88
S15       75.05       35.10       55.62       72.50       48.08       12.34        7.84       29.08       42.59       53.51       31.53       40.30
S16       38.95       46.80        8.50       51.63       37.06       67.37        6.68       73.24       49.43       26.28       54.05       64.46
S17       11.46        6.72       38.25       11.87       78.54       62.68       22.74       69.12       13.39       13.99       29.65       45.73
S18       66.09       22.19       30.91       36.50       28.51       21.50        8.26       48.19       21.26       52.10       57.61       48.82
S19       32.02        8.83       50.34       53.80       39.94       23.96       66.64       18.61       69.43       79.94        0.91       68.42
S20       43.23       66.80       42.46       30.22       18.25       12.59        7.18       63.24        6.02       17.41       63.89       41.14;

TABLE	CMIN(P,K)
             K1          K2          K3          K4          K5          K6          K7          K8          K9         K10         K11         K12
P1         6.25        6.88        1.90       16.74        3.44        2.85        4.81       13.74        6.86       10.74        3.72       14.02
P2         1.80       14.34        4.65       13.68        4.97        4.77        4.90        2.82        7.30       19.50       16.04        1.20
P3         9.87       10.22       15.45       14.84       13.38       11.42       14.04        2.88        1.26        3.03        8.18        2.99
P4        14.07        1.53        5.61       19.33       11.04       10.12        8.12       12.33       10.07       13.35       10.36        7.38
P5        10.86        6.36        7.72        3.85        2.14       12.49        0.71        8.84       11.62       12.68       16.79        7.55
P6         9.73       19.87       19.78       16.40        1.80        5.22        2.36       12.42        0.08       19.24        9.48        6.18
P7        10.28        9.17        2.46       12.30        8.74       19.76       10.25       15.48       16.59       11.46       10.13       18.31
P8        15.48        9.75       14.33        4.02        6.16        1.92       18.99        1.77       11.73       18.54        9.20        7.98
P9         1.82        3.60        0.34        4.35       15.15       10.18       15.11       16.48       13.79        0.27        3.00        6.28
P10       14.97        4.85        1.25       12.63        0.13       11.26       11.96       18.22        7.70        1.52       18.67        3.08
P11       17.03        2.09        9.50       17.09        7.14       19.01       15.09       13.44        4.19       13.18       13.48        2.52
P12        4.57        1.85       16.52       10.09       14.29       18.11        1.20        6.47       15.87       11.54       13.64        3.54
P13       17.52        8.24        4.87        6.07        0.40        4.72       17.32       13.23       12.37        0.78        4.36        7.08
P14       13.50        5.29        6.66        8.93       11.90        3.97        6.87        3.86       18.93        9.38        5.67       10.48
P15       11.17        4.76        9.15        0.63        0.79       19.05        9.96        3.77       16.12       11.97        8.02       18.27;

TABLE	CMAX(P,K)
             K1          K2          K3          K4          K5          K6          K7          K8          K9         K10         K11         K12
P1        81.11       34.59       35.71       95.38       45.67       63.84       88.97       64.43       67.38       84.05       20.96       73.47
P2        83.60       39.14       39.75       96.71       62.85       39.96       95.03       75.62       31.52       64.09       39.06       29.53
P3        55.76       40.87       99.73       44.88       58.37       74.22       84.11       42.10       23.67       62.65       95.62       83.90
P4        80.59       77.19       73.06       42.22       22.95       56.97       63.65       26.10       58.58       63.94       77.00       83.25
P5        34.95       69.89       83.85       66.89       93.43       36.72       47.00       43.51       29.35       85.12       25.69       33.35
P6        37.69       56.26       56.56       21.14       89.79       87.94       38.85       40.10       84.34       83.22       90.40       37.95
P7        22.99       99.41       81.03       91.42       20.82       43.94       74.38       68.89       42.20       87.15       38.75       83.80
P8        90.65       68.20       57.18       79.84       77.05       77.32       89.49       80.17       52.68       26.80       82.98       24.07
P9        56.42       34.30       58.45       66.59       28.91       99.15       55.23       99.10       97.10       97.95       80.20       23.98
P10       44.20       46.46       25.40       78.21       70.62       94.91       85.39       92.02       66.89       73.38       46.31       87.09
P11       32.06       69.15       95.12       69.34       57.19       71.25       88.34       34.01       78.70       28.35       59.90       43.46
P12       20.52       88.54       47.84       62.74       43.13       56.36       67.92       55.93       65.90       29.25       60.42       40.49
P13       94.67       38.63       46.71       62.69       64.92       37.55       88.04       59.23       24.41       45.97       34.76       46.46
P14       94.68       67.08       37.14       56.30       43.32       83.59       24.25       57.42       28.42       75.81       46.12       71.63
P15       49.72       76.07       33.64       80.68       50.67       92.51       94.16       71.65       81.39       25.34       58.12       33.02

TABLE LINKSL(S,L)
            L1          L2          L3          L4          L5          L6          L7          L8          L9         L10
S1                                                                                   1                       1
S2                                   1                       1           1           1                       1
S3                                               1                                                                       1
S4                                   1           1                                               1
S5                       1                                   1                                                           1
S6                       1                       1                       1           1                                   1
S7                       1                                               1                       1
S8                       1                       1           1                                   1           1
S9                                               1                                               1           1           1
S10                      1           1           1                                                           1           1
S11          1                                               1           1           1                       1           1
S12                                              1                       1
S13          1           1                                               1           1                                   1
S14                                              1           1                                   1           1
S15          1                       1           1                                   1                       1
S16                                                          1                                   1           1
S17                      1           1                                   1                                               1
S18                      1                       1           1                       1           1           1
S19          1           1           1                       1
S20                                  1           1           1                       1           1           1

TABLE LINKSP(S,P)   
            P1          P2          P3          P4          P5          P6          P7          P8          P9         P10         P11         P12         P13         P14         P15
S1           1                                                                                                                                               1
S2                                                                                                                       1                       1                       1
S3                                                                                               1
S4                                                           1
S5                       1                       1                                                                       1           1                                   1
S6                                                                                                           1                                                           1
S7                                   1           1                                               1
S8                                                                                   1                                   1           1                                               1
S10                                                          1                                                                                                                       1
S11          1                       1           1                                                           1
S12                                  1                                                                                   1                       1
S13                                                          1
S14                                                                      1
S15          1                                                                                                                                               1           1
S16                                                                                  1                                                           1
S17                      1                                                           1           1                                                                                   1
S18                                                                                  1                                                                       1
S19                      1                       1           1                                                           1                                                           1
S20          1                                                           1                                                                       1                                   1;

TABLE LINKLP(L,P)
            P1          P2          P3          P4          P5          P6          P7          P8          P9         P10         P11         P12         P13         P14         P15
L1                                                                                                           1                                   1
L2                                   1           1                                                           1                       1           1           1
L3                                   1           1                       1                       1                       1           1           1           1                       1
L4                       1                                   1                       1                                                           1           1                       1
L5                                               1                                   1                                               1                       1           1           1
L6                                   1           1                                                           1                                                           1
L7           1                       1           1           1                                                           1                                   1           1           1
L8                       1           1                       1           1           1                                                                                               1
L9                                               1           1           1                                               1
L10          1           1                                   1           1           1                                               1                       1

PARAMETERS
SUPMAX(S)	/S1 223,S2 290,S3 55,S4 25,S5 230,S6 76,S7 30,S8 22,S9 208,S10 169,S11 48,S12 83,S13 99,S14 189,S15 7,S16 219,S17 280,S18 276,S19 48,S20 276/
CAPMAX(L)	/L1 142,L2 139,L3 183,L4 116,L5 113,L6 74,L7 129,L8 87,L9 92,L10 66/
DEMMIN(P)	/P1 0/
DEMMAX(P)	/P1 172,P2 33,P3 13,P4 212,P5 285,P6 32,P7 238,P8 255,P9 189,P10 253,P11 71,P12 6,P13 265,P14 141,P15 119/
PRICE(S)  /S1 27,S2 40,S3 44,S4 25,S5 31,S6 44,S7 50,S8 25,S9 11,S10 11,S11 26,S12 27,S13 43,S14 14,S15 20,S16 33,S17 40,S18 24,S19 36,S20 27/
VALUE(P)  /P1 50,P2 43,P3 46,P4 45,P5 45,P6 46,P7 41,P8 41,P9 47,P10 49,P11 47,P12 45,P13 46,P14 47,P15 46/;